0.227448629304408
0.228842243220818
0.232386397402961
0.232015073840662
0.226751883067371
0.234289679503837
0.231910087956104
0.232471917502417
0.235234005237118
0.230829340543366
0.229557033158738
0.236758795550604
0.229429657420953
0.222237326719843
0.226294956752092
0.230711226393184
0.235340947551084
0.223300790020356
0.231071631302902
0.231957884223772
0.222173417014144
0.23047476726824
0.232406798251975
0.227498855922449
0.228716784370675
0.233018948891704
0.229298800718634
0.227950722740299
0.225830305025482
0.233894463122847
0.228028975942611
0.221679720480972
0.230498687727814
0.227451757936308
0.227392740398276
0.233506900892743
0.229696410714468
0.23826904951854
0.23081521162695
0.228548174703856
0.235990402612444
0.231732990824644
0.231915697565974
0.228218626633682
0.229248388655502
0.234556289815002
0.234713277839203
0.225794584039804
0.232459958468789
0.229012626307957
0.232486365515537
0.228825309718789
0.234380983123462
0.229433685852241
0.23483966540675
0.221184836614593
0.22980060751988
0.225775704825939
0.232408057067305
0.232621138367657
0.224713157330428
0.232247412853028
0.233265318812011
0.231497585982064
0.228906845294492
0.233537528880647
0.225342646730102
0.229574819491296
0.236725601628364
0.235201791449678
0.236048529657269
0.23694302466675
0.231240189245551
0.234916684443897
0.241527390594614
0.24153823601026
0.234455024934723
0.225485030563038
0.232246285289386
0.233315311340182
0.23370471381121
0.233140692255091
0.232674558567801
0.228114045991087
0.233637482724253
0.240962215432258
0.23241997296612
0.234135319126922
0.223762511618992
0.227159175189587
0.232621416793966
0.234457282739112
0.231418357325162
0.228705761893758
0.229716985458613
0.238043740164364
0.232229148318794
0.232082733421779
0.235777406041023
0.236690206826764
0.228308278692731
0.23144647275681
0.230456411163963
0.229768794299666
0.234454853821349
0.233475436307747
0.228320777031387
0.234435972012197
0.228739396120495
0.232651234729033
0.230670945488418
0.229463589961833
0.228928443177983
0.230598634361112
0.230786049532813
0.233560727967374
0.231002456011023
0.23363323427095
0.233471380529621
0.231979307029509
0.231431264829701
0.240262749402617
0.229821468195462
0.230144090323741
0.240305945635417
0.230026634227611
0.228757496252114
0.229294982329606
0.233283154790667
0.233069552113205
0.228733237969579
0.239302737790444
0.230879561807109
0.234214402752037
0.23154851383136
0.232963901795048
0.223617568033532
0.238998189385847
0.23327053289704
0.234774379958075
0.230450427138916
0.222215532749919
0.227442754466685
0.230175862552256
0.220679504089424
0.230358766856868
0.229659669031888
0.233697690765087
0.231402129150313
0.226477122238079
0.231183346501311
0.232189431893557
0.228078365759331
0.229710812993155
0.240657709905957
0.238474428309044
0.223427547241849
0.23622262697844
0.233845403477582
0.232300730245778
0.237734772365617
0.236931839373031
0.239874005905602
0.234961635493116
0.227872922685126
0.236158045198888
0.236008469674532
0.228638152037111
0.227277797653956
0.230524594694544
0.230835829795853
0.23835265379431
0.229931125390023
0.227659537323672
0.232408550468059
0.228111974902548
0.232654576037029
0.231800246928022
0.232557957172338
0.231066051628452
0.228367961445364
0.230641516729272
0.233234938408008
0.223500572274362
0.230717054877027
0.230806822411985
0.229123585053852
0.233255017214086
0.233072059918268
0.232136778390604
0.231597660976629
0.235738351790321
0.2276959701009
0.236169170311047
0.236738694704036
0.230455221675676
0.23186238362088
0.237835511265809
0.236198284367393
0.234778193705833
0.238630222705373
0.235076583710476
0.234100329983444
0.232016105587208
0.231292846628447
0.223573155432126
0.235603278104507
0.238646306033274
0.23356536013216
0.232872869294563
0.233936568087446
0.232857715498616
0.228413048756192
0.236432935113562
0.227804095043297
0.22696712925087
0.228967005193729
0.22354539239883
0.232061687044297
0.230376033968345
0.223052655058292
0.230622800293422
0.231973377840501
0.236271501980413
0.230364847053423
0.231343433130598
0.232643527732013
0.23363673962545
0.234015411484644
0.227192798925004
0.225357666372211
0.232786618658448
0.23588146335253
0.241075699401854
0.230877464507537
0.229070922972879
0.225588322746087
0.233921691531201
0.22657159863214
0.231234617424311
0.225440084645754
0.2260634151497
0.231594130140092
0.229361081437569
0.229855648526564
0.231240117806898
0.228997986122047
0.231814004796528
0.231614111722991
0.229120729055091
0.228559732371209
0.225392309310509
0.23136658417997
0.235948967022661
0.23925021631649
0.231444088909487
0.236142012182738
0.234889783747481
0.22830252066429
0.241641709723691
0.228382844359887
0.232248548879838
0.232171416116394
0.233331140315431
0.234785567182679
0.232871827085693
0.22369003976767
0.228119484981875
0.232334963386699
0.229588445188298
0.230532402014891
0.228473652533529
0.230674942635776
0.234864117306315
0.235364544297607
0.224418712901975
0.23278604418561
0.221725228456929
0.233816136396726
0.229207485355182
0.229307843396618
0.22892444533484
0.235345372308989
0.231951209929327
0.229787944160804
0.234781493542536
0.229374152619384
0.231636734167631
0.233952365415352
0.238828463093196
0.228364078256716
0.228471085720286
0.225137591499608
0.234900709251341
0.230755338795247
0.231043466254252
0.236843061695686
0.230737732087987
0.227703254944257
0.232406866126728
0.234740587819628
0.234114332600498
0.230508654610235
0.231853371298726
0.230520074416102
0.231268887833791
0.225489529449456
0.231944789694118
0.233631130442494
0.233860698267175
0.228147338806656
0.229142129862504
0.228307707856197
0.235754030242892
0.22081121704271
0.230047851046403
0.231291134477043
0.221795868052184
0.232334159517293
0.231521015020611
0.229914551272923
0.227096207088518
0.233484400148883
0.234713639149137
0.233521877828132
0.226338425569073
0.237736560225258
0.231430243526133
0.225490433799316
0.229100541262919
0.232268265906105
0.239697801741036
0.233820992237551
0.227266854887322
0.224313969235901
0.234284144531689
0.230066263441074
0.23344084972965
0.231059452501263
0.230469813680373
0.228191546554108
0.234340606781107
0.226355634415251
0.233164336722061
0.229173394017574
0.229493162230177
0.233728136701399
0.225890246086171
0.227653763542937
0.23360715033248
0.231108564870929
0.225387218987312
0.231082250820976
0.247656847047156
0.237531897280657
0.234270748408913
0.235620389151603
0.225821309920657
0.231971468558817
0.230869795811696
0.230896665305335
0.226729743147722
0.237010736642313
0.227756689937066
0.234077753340912
0.230972274979688
0.233350152621533
0.23577795460218
0.227131435450016
0.234251662339672
0.227421610731232
0.229931860754446
0.239983273963396
0.228655874987201
0.234463989632139
0.23025312111789
0.2322301924488
0.229322839716819
0.229538080512031
0.235693580640621
0.227861074325684
0.228802521389509
0.231963498638368
0.229655365784175
0.238940570281833
0.226226391006218
0.232424409083486
0.232170361900511
0.226992008429591
0.227211794265368
0.242453831151373
0.231189973452747
0.230508523250705
0.232247814790786
0.238121885014402
0.231706761364269
0.237600952775445
0.230547607248547
0.227163104544848
0.22926267898041
0.234793899483953
0.226812526343866
0.227591263317204
0.232977350487055
0.233161221357905
0.235777731533646
0.230151324934765
0.226801390334811
0.228045695598337
0.230833504836976
0.227753440875642
0.239278627370369
0.231786804882455
0.232603951115598
0.233743332759581
0.229964500052578
0.228684904398664
0.229606087618884
0.222960948461885
0.230072075494331
0.233345440787346
0.225306678897426
0.238858386138586
0.23422757501903
0.230464204784694
0.231753015572409
0.230963208279033
0.236987610415356
0.23129860465706
0.231345128240779
0.227961767761652
0.227752613586388
0.223320049366176
0.231683468413677
0.233668749717745
0.232841379094196
0.228952167550253
0.231701410935841
0.229982797540545
0.230112929402607
0.230158984306918
0.229855657055023
0.227890040063925
0.231081594526372
0.234933786488383
0.235700420645622
0.229140198733519
0.23027748911451
0.230443366111969
0.231778423841218
0.238584168546362
0.23149735244081
0.232743018415415
0.227344620207127
0.240509325447019
0.233098190955732
0.238281103364462
0.230766258274748
0.229007670454048
0.230569389332323
0.231071542885732
0.23110695621276
0.226668904978846
0.232589095227297
0.227619841920035
0.237579685771018
0.230749243675062
0.233170990250692
0.230819415651117
0.234203818766759
0.238238931206639
0.243726014889295
0.227804784892815
0.232210416133548
0.230434370897306
0.232236477210873
0.233376246971526
0.230830242637288
0.231770711821587
0.239507334379351
0.229642538045002
0.231388389736041
0.228299831501329
0.228487858633695
0.233325432242764
0.236117120167273
0.230504718805337
0.23566984990909
0.23592050874471
0.233884378618414
0.236118165872803
0.237892905551825
0.230698812745573
0.230001351931887
0.241109743741585
0.236487139014334
0.232876369625451
0.233960958047608
0.229501562736217
0.234405376523524
0.237742371078508
0.233761131246017
0.233373079925525
0.225776918395419
0.234809504022765
0.221269656638681
0.235352440005335
0.233294318558529
0.230444099126893
0.232321150540131
0.23059012028299
0.231825886205696
0.224541138696225
0.23176690659798
0.232649154527916
0.234389403729605
0.230114486808579
0.233545453712711
0.227675664040844
0.227866072291673
0.237292971172047
0.234244194821001
0.231571995476222
0.220281007779885
0.232695138747461
0.238317349331549
0.227134403886319
0.229810907896531
0.231474037499984
0.232014071555769
0.224122784498051
0.234259986740077
0.239498392182737
0.232904019549299
0.229213460566065
0.237031477916883
0.229926177953973
0.228964168446974
0.231516628409951
0.231451675494865
0.228871087259967
0.231579399571196
0.232266650160901
0.237097638541899
0.229230523549167
0.241260460519858
0.233637431353465
0.238183944891263
0.228936485845327
0.230322863000036
0.231049746333125
0.236501259926385
0.229412554684121
0.227875868041633
0.233983615253453
0.23259551258715
0.22510203893182
0.235915207941184
0.229259915873631
0.226655176176062
0.233647737395622
0.237754087015738
0.226866719339235
0.23180521588036
0.229011185643235
0.235643000989116
0.230525711694402
0.23329016071201
0.230404709776251
0.242938225534184
0.224739919463763
0.237677390594837
0.22787257641284
0.230191963064782
0.227185103095284
0.230413318855966
0.23401764891863
0.229280365578913
0.227678121059673
0.234060235888852
0.231275285743788
0.236660675570784
0.236638245973745
0.230811691532185
0.228962693073281
0.22780251490753
0.229858457092429
0.232156558519018
0.233966151410559
0.232207126483855
0.235908631478824
0.235179338781061
0.232545890927846
0.230284135017522
0.23438656110323
0.229092056051589
0.224739560489026
0.228802504861761
0.234456258152198
0.233443096848042
0.229988411423493
0.232101030622306
0.228919604049335
0.231883259377926
0.234164264152609
0.231022495735115
0.231508824183999
0.235344155727824
0.228034815478504
0.235436151313444
0.227458283720732
0.230317561044817
0.229633463198237
0.232456351342943
0.229902559487066
0.224517121702324
0.229028820663305
0.229696120390201
0.233463309519172
0.233086986766457
0.224374904844137
0.231905895770607
0.239511929554403
0.229802690859259
0.228151848341524
0.230378447833432
0.229484982187782
0.232462756332272
0.231753866168508
0.227360993341877
0.235379612207388
0.229772312976004
0.231856912940496
0.233284410577131
0.232189825478834
0.227222511535794
0.233750294130632
0.22775976047401
0.223821261330772
0.225548561249145
0.231894183932515
0.235796526676813
0.222250865519083
0.23076784728647
0.234042877893289
0.223887675190829
0.229877183128939
0.230811408105279
0.229195898007341
0.226932313079123
0.233916737520963
0.227015096678849
0.229004164944521
0.224940243409847
0.233966376979495
0.228087936277156
0.222773948938542
0.231374983090579
0.225258490661957
0.228887739797922
0.234870151229788
0.231196684139518
0.238360155225434
0.231579934317049
0.229843145621705
0.235954684735829
0.233622345067771
0.232094373752976
0.228197294879175
0.228957020812105
0.234181950557116
0.23435396045916
0.222969076083942
0.229542619506295
0.229268708181941
0.233740702379016
0.226889199005231
0.233248400719556
0.228854585210986
0.234913074685501
0.221583983986832
0.227993611529414
0.226470530972641
0.232820966942128
0.232960187974482
0.221966488542945
0.231302572482355
0.234570456414756
0.229482025531693
0.226192023156255
0.232247478504186
0.226985748058108
0.227315123741709
0.238330253419301
0.236016651671513
0.238369363138992
0.233961283942787
0.230354016422758
0.235730215731365
0.241855163122387
0.240021511747989
0.235387878159893
0.224891229487265
0.231599611601255
0.233013342932988
0.235059720898699
0.231048801689496
0.230827141794927
0.227499130377302
0.234753929863266
0.240159823374997
0.233099672184848
0.233496444258702
0.224791464928865
0.225308056712506
0.23171907508541
0.235989592327846
0.23278481435545
0.230503546429629
0.232654449678402
0.239654904920151
0.232213956811574
0.231038905700335
0.232937503403174
0.237739994363286
0.233476755086765
0.233066693750812
0.228406185328558
0.229551338806949
0.232235132381695
0.234169084008084
0.228553149161521
0.23555960195663
0.227617098245009
0.234045095854395
0.231532783953665
0.228595954666925
0.233860828997522
0.230665278077637
0.229271672551444
0.233005273999196
0.227501181629573
0.232182449686101
0.234965007185044
0.232019200294748
0.230638138814393
0.237844902091088
0.230417538628176
0.2288234329588
0.236592534212528
0.227857122237811
0.228878605920592
0.230015867192077
0.232534357578439
0.236191138637681
0.231039826561681
0.242974743482051
0.231216583050255
0.2336416267761
0.229483848464828
0.230642153634774
0.224064060524711
0.239340830070963
0.234035119624755
0.235444230951512
0.232015207765485
0.220090258620033
0.227265534759775
0.233333258838814
0.221687955880335
0.231118783692858
0.230809789746351
0.230077273413751
0.230186131595661
0.227056029392997
0.230856131467937
0.231209519429446
0.228430739433345
0.230710677506725
0.23671652399459
0.239569588423712
0.22477598271594
0.237630812384655
0.232119132226143
0.236421736022146
0.240350424776965
0.237534507863453
0.24103246006734
0.234717607137896
0.230321222961858
0.235918613240867
0.237003424328349
0.22687262979932
0.227341849658633
0.229217603360714
0.229452836050623
0.238324971806076
0.228747899617389
0.229311184815521
0.23214323961436
0.228142442600852
0.229192342374248
0.232929807417793
0.234239321254793
0.230020096044882
0.229654678175194
0.229395495021798
0.234680041626606
0.222720667258108
0.229772576842918
0.231788163788779
0.230625011673645
0.231008565086156
0.233806684511638
0.227623092182563
0.233961000478304
0.235706964391762
0.231422132475114
0.236311637815681
0.239793991504947
0.22923469129699
0.231370288431357
0.23557521803624
0.234884825568134
0.23575017978691
0.238494271357578
0.234808548052862
0.231084394305345
0.229869379284172
0.228003286133086
0.22363346902598
0.237087654957729
0.239592259864526
0.235402175692616
0.232041990980559
0.23474613253546
0.230286641188798
0.228812685306044
0.23709620480868
0.224915013688593
0.227951449119696
0.230611241169177
0.228030623894994
0.231264995935549
0.232450883048247
0.223948837028591
0.230553523101783
0.230352333134792
0.238366927986178
0.230218067723948
0.228180497847262
0.233732548302325
0.234696599857136
0.231065810505258
0.226875442647168
0.224428369016724
0.231744129996228
0.236474701202495
0.245604928318985
0.228591421473198
0.228573820228567
0.223219290161649
0.235819277150886
0.225343587682443
0.232413994435086
0.223865687854032
0.22661755836234
0.232307030230794
0.232124401842921
0.230441248883347
0.231031977618835
0.227909778197913
0.233115149880982
0.232137314228233
0.230620441711323
0.224530055638253
0.224901144689407
0.228296095440784
0.23562960554079
0.240048396356305
0.232848663077358
0.238378564016652
0.235773519057949
0.228906007737949
0.240969009529615
0.227305247904381
0.230389670569956
0.22953092884017
0.233972308471255
0.236170026709636
0.233770294519779
0.223661204718399
0.230192322912762
0.233209512674948
0.229750842993087
0.232638352940482
0.227365481953676
0.233642265264782
0.234961017887113
0.235918657578344
0.226392855281299
0.233737508915087
0.222103675873955
0.234955615131799
0.229127802515359
0.229948946588528
0.229444576858427
0.234326963412656
0.234963634841934
0.231643418760532
0.233773753266227
0.228424235889059
0.229980278710278
0.235736685394579
0.242834197560192
0.227531964223238
0.231182472130849
0.224701177070123
0.235178486205064
0.232074812786035
0.231517156190849
0.238390144909587
0.230457896608086
0.22724325484434
0.232683600074255
0.235257541002167
0.236030745990147
0.232541446156992
0.231136938671076
0.228957792779715
0.233772414739741
0.224474106460901
0.231984663396683
0.232348218949161
0.232346162533457
0.232307179426316
0.227750420548907
0.232183864166276
0.234448877200819
0.221461951882861
0.232189977092702
0.231352021487139
0.221526001265069
0.227334926417263
0.231022847871841
0.230596562503131
0.231283516792594
0.234201644601568
0.235896627195486
0.23402942759487
0.22499338938763
0.239252815569964
0.232254445736162
0.226024695713503
0.230883927209107
0.232803479595449
0.242392658552021
0.232682877258992
0.227494490827896
0.225127807280972
0.234642005881998
0.230418979643451
0.231946521651864
0.230529000060361
0.23214149358609
0.22688466149255
0.232849975883025
0.225677169249812
0.232417196091798
0.230141209168191
0.229006140315498
0.234878286345391
0.223191130927761
0.230756254010368
0.232655223622502
0.232143789622247
0.227292093767376
0.231212359390599
0.251330758576845
0.236862439036908
0.23716227293418
0.235975618902866
0.226565465705103
0.233303133994126
0.230588795294373
0.231287905389989
0.224816800148215
0.236994508941929
0.226504316124179
0.233593140952345
0.231151603485067
0.234624141620145
0.234107089413131
0.225685232476858
0.235498861345011
0.227875996144081
0.230335542062321
0.239867957381852
0.229153263080092
0.23417002903114
0.231315669424667
0.233363282808558
0.231306798416733
0.231852372558696
0.23806630341386
0.228497941102124
0.228037418508496
0.232962220023924
0.230994602142584
0.240458215463082
0.228690858564554
0.231307730274611
0.232205328658648
0.227768368862526
0.22522095827222
0.246620802197516
0.231323138738539
0.229990680456871
0.232390901628433
0.238955231633969
0.230876498312031
0.240071529856858
0.230619187817354
0.226700675897442
0.230368324680355
0.23446684434036
0.226899329288786
0.229416865564217
0.23421781607045
0.234084587618422
0.236461177461372
0.232235696379742
0.227443048723969
0.227301305982138
0.229396193890221
0.231152303418062
0.24067361561346
0.232948122862399
0.233131264493357
0.232444749057054
0.230528375468888
0.230179346575015
0.228829196055179
0.219517049918351
0.230829990785529
0.231672146001453
0.223461743350165
0.240774271244744
0.234168857613584
0.232143377110931
0.233469780330609
0.23101101138316
0.239875722566455
0.233415639060078
0.231669807466779
0.2280465769495
0.226870385811452
0.223275831946226
0.231844646737107
0.235917922070554
0.236492669251749
0.231900148039973
0.230091045040781
0.228569090375336
0.231732907365703
0.230164677846269
0.229513769257626
0.227839299449037
0.232211844980941
0.236327031228104
0.236275578099046
0.229110409069309
0.230727852381083
0.227291164357819
0.232242811733001
0.240133350120686
0.230793864368816
0.232531359830408
0.22975928096281
0.243213099702671
0.233907250660698
0.237171211204012
0.230577478582558
0.229992969881082
0.230970178872374
0.234255114429183
0.235194940978101
0.226688908042122
0.229621460739064
0.227415877389176
0.236151947995734
0.230918411531145
0.235793465273916
0.232889818744222
0.235944339014772
0.238045057965457
0.24679086656752
0.226956433413392
0.23403398762358
0.231069662238762
0.233519704439531
0.234520683034255
0.233700555395517
0.23429575417398
0.239254446223627
0.231015969149666
0.232731419256703
0.227863915982062
0.228797105068342
0.233948674784763
0.237350804034045
0.229931823262398
0.239282422556832
0.237234098160955
0.236960149635212
0.238478565271579
0.238438958511137
0.232872795224985
0.22876256099012
0.240874164592775
0.235816503318313
0.232874409223727
0.234557632506303
0.227707878291705
0.238464277009974
0.239743939784783
0.233698321129487
0.233690933218022
0.226380199721037
0.234972321865466
0.21902224836557
0.232435624464222
0.233084196847758
0.229540499020903
0.23477906674081
0.231939907336932
0.23226557486206
0.225979472407647
0.233617649571152
0.232852302932375
0.23437375105429
0.231277935357401
0.235552512562072
0.226635530676701
0.225195270969666
0.238321002974374
0.235086867196168
0.231359411947078
0.219917601461356
0.233781619375385
0.241361457301663
0.227393061273608
0.229053596746068
0.232315358097487
0.231886486300293
0.226353480973139
0.237367509074211
0.23914819594047
0.233863723938546
0.227147031262275
0.237347830308887
0.227528854267728
0.233325036492836
0.231589802801248
0.23163170651053
0.230778190176107
0.228546878416695
0.232860580165826
0.240787323588184
0.229743431199455
0.23986819133707
0.232807666904521
0.237346166934301
0.226087716399488
0.231015307665009
0.232111960823309
0.236250334336366
0.231141542096065
0.230765639775307
0.235716359470153
0.232744116864542
0.224955802594426
0.236721793043169
0.229378510216806
0.227097674510163
0.233807845885534
0.235765144496235
0.225527476355135
0.232123602776345
0.22918053646524
0.2332181293492
0.229821735377305
0.234966087419785
0.231247676335961
0.246376245819032
0.221292169602276
0.237218547261676
0.229972741839471
0.232298706772268
0.227182572889315
0.229095257416385
0.239263919787193
0.229194959067724
0.22692917482655
0.2347264364132
0.229944250054869
0.239344660892907
0.235693167364204
0.230553965987171
0.226036422448326
0.229591152235268
0.230356019501097
0.231219427498082
0.233927784316006
0.232462027632308
0.235874267145994
0.237232360052473
0.232309808337977
0.230100148718544
0.235024589826475
0.228187822699418
0.221714962914047
0.230936978997947
0.235896094658021
0.231478036809126
0.229830234702689
0.232268284531461
0.229653140637295
0.232980911463061
0.234524444425282
0.23005038849805
0.23191133138893
0.23684484263045
0.226904687240925
0.238360783671266
0.226507932418145
0.232382658559789
0.227392164298867
0.233177341188693
0.230980233172774
0.222537690798872
0.22908948103188
0.230864348402201
0.234079975450794
0.234353462026523
0.221437075874884
0.232898647283527
0.239709104596505
0.228568986738552
0.228133452561674
0.229245696609753
0.230367830896849
0.232363416872966
0.231938838391083
0.228139631862147
0.236940497011735
0.228392132641503
0.231598553830056
0.232444745894009
0.234045668052903
0.224754615199408
0.231432981829991
0.226830268046409
0.225566885505442
0.224389226282346
0.233766506665452
0.23711683441807
0.220525001662184
0.23119390569597
0.237190942090075
0.225849650265185
0.22979190906112
0.229411818147395
0.231333227774207
0.225252950142308
0.235073869683463
0.224907618718494
0.230921017706783
0.224962906490007
0.235359812238522
0.228298905606007
0.223949345178899
0.232839937779644
0.222657794080968
0.231165366283804
0.237643927063487
0.233574369407205
0.240335775180059
0.233061974854988
0.231291445739433
0.236651368687788
0.235793270423207
0.232698782268566
0.228167702597502
0.229229012351282
0.234701253038041
0.234682385895488
0.220043456317829
0.22643955836704
0.229842140450952
0.235770489503025
0.224968745627954
0.232000052815568
0.229106142844344
0.236160969131735
0.22222364029375
0.226467637111021
0.227054007561987
0.234234053847946
0.23345731798985
0.218916134961581
0.230976044954638
0.236832475466804
0.227467940939997
0.223195687100315
0.232004560550205
0.228517071850553
0.225740668345634
0.241159161134022
0.237355865917965
0.241466282295695
0.231097000187836
0.230053503732334
0.237445906947153
0.243666251399388
0.239325455041542
0.237283758537851
0.224071672309072
0.231136617480948
0.233066329169534
0.237189594453705
0.228833952498497
0.229135728856386
0.227372696084968
0.235689145565574
0.239966008744859
0.235467954270259
0.233641261870179
0.22650343557665
0.223580410972486
0.232070194562593
0.23874598661649
0.234692473682477
0.232693319299341
0.235592482272973
0.24272932932378
0.232478544738158
0.230627010815734
0.230614169515584
0.240242539191124
0.238698876282692
0.236046770115426
0.226477974284625
0.229944228078991
0.230817562092898
0.235629351143923
0.228730409117786
0.237259110354141
0.226555956870296
0.23619484305685
0.232565986098853
0.227876750833622
0.239642781642962
0.231197659080716
0.227606169114509
0.234065905292229
0.223759671092694
0.231273862872356
0.237457656188632
0.233191503340416
0.229652756547476
0.236210695391649
0.231675951617492
0.228704241406394
0.233094237115939
0.2259297671524
0.229192649806425
0.231528120984183
0.23254724775359
0.240488865245086
0.233790698212971
0.248604819060247
0.232133695402241
0.233350574843349
0.227378041692827
0.22852870437275
0.225005629882185
0.240258781814585
0.236005713851039
0.237341296088791
0.233816245704184
0.217469330360959
0.226838644142644
0.237637338349029
0.222915873307397
0.232533883853901
0.232042070335594
0.226132363645979
0.229757268468349
0.228098021375755
0.231080318214587
0.230733345835864
0.229197775737769
0.232986829804751
0.234346999783207
0.241231970838169
0.226219428119009
0.240122239567
0.231629524549896
0.24156624965824
0.244389977057074
0.238755193326077
0.243758075015003
0.23542020474544
0.233662801275301
0.236764837454014
0.239086960105974
0.225238318420038
0.227555460598154
0.228518504529099
0.228625647751699
0.239418000031481
0.228679191745381
0.232099814285462
0.232397904193454
0.228401531545264
0.226997222625911
0.234902415160902
0.237371651764015
0.229692455532099
0.231058933238013
0.228437495599792
0.236760593621426
0.222298075957102
0.229750155029013
0.232851344881923
0.232620503678087
0.229650280032304
0.235581893353094
0.223380834674305
0.237429842978387
0.236200320221121
0.235930256490559
0.237075266676188
0.244048237168347
0.228215354740027
0.230847012862283
0.234333900215959
0.234884341920716
0.237652035269801
0.238937167650464
0.235987586403587
0.228203698683449
0.227529814063221
0.225485435274411
0.224359126329169
0.239938829930496
0.241868039577632
0.237969477831448
0.232472788247052
0.236497864703138
0.227754167492988
0.230454198174201
0.238744783536101
0.221689443970553
0.229836984340876
0.233021573891036
0.232960181943051
0.231105254586074
0.23535234979267
0.225040828169713
0.230946881114537
0.229797408347823
0.241275731939366
0.230389723677889
0.2250946010811
0.235529289801836
0.237103314558022
0.228897838169221
0.226629705518267
0.2236932804316
0.231705354440686
0.238000686058698
0.251488993232204
0.226810090156626
0.228744183018463
0.22083128759098
0.239185173870461
0.224786901510848
0.234727938558869
0.223342752341657
0.227926908196329
0.233639046925488
0.236186121098183
0.231968368458598
0.230538751866706
0.227101768250333
0.235628076321734
0.23351911788582
0.232657157798453
0.220637795464856
0.224387643683534
0.225843485185251
0.236508447086875
0.242410228845787
0.236031517982873
0.241426273605283
0.238182210196868
0.230076811665875
0.24192451617426
0.226501149062249
0.228449628728137
0.226492684136626
0.235348291915914
0.238510212412086
0.23619654704371
0.223728843140481
0.233394797090515
0.234507973476592
0.23027147121381
0.235876856814952
0.226705296215613
0.237944486898295
0.236696853874705
0.237989403398668
0.228701867331975
0.235181174361085
0.22282012422615
0.237498363508658
0.229882219153836
0.231146768989506
0.230150989925391
0.234190259695755
0.239201305436717
0.234487380722836
0.233303339583721
0.227941220697368
0.22823382353217
0.238403137000434
0.248601503953773
0.227489714031364
0.233798067230879
0.224574774581556
0.236236960281478
0.234013839950144
0.232436931814565
0.241665562351404
0.230971353993595
0.2268321592752
0.234097043263841
0.236572552781195
0.239671074868646
0.236272089872297
0.231266080806431
0.226771631431494
0.238366956401169
0.223512492210123
0.232141646052652
0.231844774098143
0.231589712924981
0.237169090362283
0.226848788467609
0.23688651993666
0.234289840104412
0.221834067091608
0.235385967262313
0.2327638241675
0.221913291297916
0.222155691912681
0.230973800189635
0.231780984104821
0.238074900018196
0.235932229333125
0.238120677933365
0.235462572875324
0.22372459601497
0.242165194415487
0.233761079078927
0.227346227561968
0.23324839054157
0.234611370108343
0.247983258491162
0.231902317476067
0.228865382971979
0.226462006094542
0.236694833781158
0.232447025181093
0.231123396514724
0.230971335527814
0.234808502952806
0.225976694819646
0.232245680014425
0.225601132923193
0.232457440231761
0.232284628515714
0.229546368206413
0.237164205848771
0.220837402514971
0.236158199779903
0.233056820331192
0.234326541236807
0.229308818461789
0.231897774926219
0.25722160772484
0.237379056806774
0.241921415222842
0.237537828391111
0.227779110209368
0.235257965547622
0.231412419280901
0.23216821544309
0.223784237755655
0.238065910992299
0.225891034856633
0.234681595048721
0.232480823107401
0.237199623796866
0.233394212138078
0.224101021120945
0.238038976253537
0.229014141251211
0.232157210763065
0.242320683236169
0.230423828996363
0.234734434683161
0.23251899094356
0.235839065401837
0.234435106867693
0.23481520209703
0.242881513892697
0.232015421803552
0.228231650371425
0.236725712725617
0.234816977571789
0.244278007562
0.232425150011279
0.232061190231462
0.233282249725505
0.230120207041698
0.223097973442003
0.253129801365589
0.232808070486076
0.230596194131608
0.234893071210522
0.24147889085139
0.230946733404988
0.244112168723676
0.230877094322744
0.22652189325566
0.233404142121437
0.236486738980797
0.227257934965496
0.232126064757277
0.236773085916262
0.23677236240879
0.238431120764637
0.235460838981284
0.229110433154906
0.22667470409345
0.22845383735285
0.234932152680704
0.243513133668981
0.234905672248067
0.234296873400497
0.232075816895349
0.231756627571118
0.232147700558394
0.228201901479884
0.215462139707694
0.233408906728756
0.230084567443606
0.221581842539629
0.244663372632974
0.235894225242043
0.23521372404939
0.236171760613206
0.232257055879552
0.245103884573917
0.236213449119667
0.232664163014704
0.228830933318262
0.227095774374298
0.223554649731509
0.23307187092407
0.23958727878029
0.241853526054166
0.236931339746447
0.229021719284418
0.228026455013095
0.235323043222984
0.231259688677554
0.229965065229099
0.228510131348706
0.233658157257722
0.239412305342048
0.238092687354163
0.230367080952777
0.232623481096311
0.224649940367895
0.233380715458437
0.243629472622127
0.230766239196142
0.232779718265913
0.23295893479018
0.247955600120472
0.235506089547862
0.236949681748144
0.232166009515183
0.23228206972405
0.232516150064681
0.239960346342753
0.241660814842089
0.2276045599927
0.227104722995941
0.227217289162241
0.235963604095847
0.231493957043568
0.239680920753815
0.23581797287868
0.239579620812698
0.239324400412867
0.252212333459064
0.226600484405743
0.236925424954567
0.232732799087157
0.235776274653617
0.236796129281384
0.237624643566949
0.237447402173859
0.24077309118106
0.233000448133109
0.235431639635255
0.228185526417497
0.230564073178574
0.236495560176998
0.240196451352109
0.231069552580043
0.245326968199498
0.240791991833106
0.241102993191889
0.243370924807969
0.241615738320455
0.237196372267221
0.229251178220025
0.242946570442592
0.236045064626688
0.234282581472465
0.237235534817826
0.226067879717659
0.244297610467848
0.243056749349372
0.235889558884037
0.236256273788522
0.228641706339614
0.236754263132769
0.216682080944227
0.231338343479232
0.234272166409438
0.229491396921429
0.238601003335781
0.234463375340497
0.233807515436306
0.228648459056507
0.237131532984589
0.233338025413857
0.235615818291963
0.233767909385423
0.239068300025904
0.226463912662454
0.222573119092725
0.241045761753074
0.237529298898669
0.23195078934106
0.219531594636797
0.235869763271692
0.245839153422762
0.226802469475703
0.228752675653115
0.234204919345102
0.234052074540025
0.230036173040894
0.243457745650844
0.241350705780907
0.23713133702028
0.225803103111927
0.239302160046282
0.225232407535434
0.239346190446549
0.232969064760122
0.233260555791203
0.234168450616943
0.226539640165662
0.235402460977846
0.246804527880005
0.231296858925582
0.240344100354408
0.233495349436598
0.237115694783101
0.22364325566086
0.232831102386187
0.234118931216658
0.238178105851539
0.234422143989661
0.235811527223149
0.239206174741432
0.234158970649584
0.225623418331072
0.238675821225408
0.230967991349271
0.228406705077673
0.235574804186524
0.23425167949139
0.224525568765562
0.233873483108497
0.229053108975865
0.231650872717817
0.230360847527308
0.238978938033263
0.232398114004052
0.253919835285757
0.218298830088742
0.23858269197205
0.234356020839475
0.235374990704581
0.228962368101163
0.228001706209849
0.246599315266238
0.230415166573621
0.226807549430248
0.236429763285391
0.229482775900077
0.244029306964933
0.235603277592116
0.231401974384987
0.222995109898822
0.232502824517938
0.232143395622527
0.231420918675014
0.235637873648007
0.23425918723294
0.236616745305217
0.240589744583131
0.232967072885586
0.231286027470082
0.236997407955741
0.2276976668248
0.218616530424388
0.23433798485387
0.239116734035557
0.230387218778609
0.230265881278502
0.233640605401607
0.230873277850797
0.234464123601764
0.235878819760062
0.229711675576819
0.233411694821144
0.240336053880169
0.22612215519664
0.243236841795037
0.225781976134604
0.235553648054255
0.224957001929435
0.234587352510489
0.233276009773529
0.220992431334937
0.229175125775588
0.232715547069424
0.235382494099858
0.236024082919435
0.217279895972187
0.234734211851016
0.241110599576316
0.227317482747956
0.229495484713228
0.228371956638563
0.23115442932192
0.23196272721653
0.232957734213419
0.229365496606118
0.238993803179533
0.227341976650673
0.231450738613506
0.232905104854787
0.23742023851157
0.222125107077203
0.230193869310131
0.226841076465096
0.228276737473862
0.222708317953834
0.236776469385762
0.240366021814103
0.21869327368154
0.233037194766406
0.242111871484774
0.228638522355743
0.230550814676055
0.228681597996299
0.234323464821469
0.223483406573041
0.237297236953337
0.223021837773073
0.234621627505094
0.226562830343225
0.238755369719951
0.229882504034815
0.226060597786546
0.23564480397731
0.219417620748027
0.23519153121442
0.242827307305077
0.237929851211943
0.244951882394015
0.236665089638859
0.233486529740445
0.239064118008826
0.238739702217895
0.234542442002727
0.22839599380674
0.231166986762913
0.236307749789994
0.236211021181776
0.216240577172002
0.223024400683532
0.230956284883345
0.238841674056649
0.222765354339448
0.230379914772394
0.230259879564206
0.240320433229343
0.223385020807849
0.225196805398115
0.228262157279
0.237489322302055
0.234508114799244
0.215545882898152
0.231592808305352
0.241380688122944
0.225538809456741
0.220019214426618
0.232399626950742
0.23097916120449
0.224977199526055
0.246312145936138
0.239963544864316
0.246067374110164
0.228198858739165
0.229901944233562
0.240918024934306
0.2475524063171
0.239449939369354
0.241690148855355
0.223651011092523
0.231494032037137
0.232955299190588
0.241294360899119
0.226777210307421
0.227368658565059
0.227784948220755
0.236884029995047
0.240712060089951
0.240195632097485
0.235892134746777
0.229747651804701
0.222007815951839
0.23392499755339
0.243687620042669
0.237688340439537
0.235808087224294
0.240230556110116
0.24852881221904
0.232685499732595
0.230973122674113
0.228953471499039
0.244742545545235
0.245015935489775
0.241239662374268
0.224653033706975
0.23149118618178
0.230427811807732
0.238599932193057
0.229422747822983
0.240532607597091
0.225473792245192
0.239924071258292
0.234460778584438
0.227770464056599
0.247851521252537
0.232838851160272
0.225973875936513
0.237262310546835
0.219379259669924
0.231173118975911
0.241850911992024
0.236247268284657
0.228198273695937
0.235374886564826
0.23391973153083
0.229631641359793
0.229964315983021
0.22374964360455
0.230014214575916
0.234330597245458
0.233955637994813
0.247343836735797
0.237806032602169
0.257958440809797
0.233451520333796
0.233565580835707
0.225701118367551
0.226458005436302
0.227988659722706
0.242372259477442
0.239819026262228
0.241070815734725
0.236689968378395
0.214751897571218
0.226369978429034
0.244313136911849
0.224467690335562
0.235454388681685
0.233574218939443
0.222255622924733
0.230333060585942
0.230987425517988
0.232161247810244
0.231120994817028
0.230303485207614
0.237161197964663
0.232858583346722
0.244510918338333
0.228209941604004
0.244971356445815
0.232203161322176
0.249788620226129
0.250368570401155
0.240983318937397
0.249504272792335
0.237326068108641
0.238457291359831
0.239356836017127
0.243227314450305
0.222925775462417
0.228031262364445
0.22828208933862
0.227910877720468
0.242274380153729
0.229961572324813
0.236965498628212
0.233945847594627
0.230253257809871
0.225735121409268
0.238447851815101
0.243526902867491
0.229935922185418
0.232685706392469
0.228172079754626
0.240412327906061
0.222401943378115
0.231520460789884
0.235032691117868
0.236215441062358
0.229133783541927
0.238828337547084
0.21911342657025
0.24303646422087
0.237451497561462
0.24129645204851
0.239132756956293
0.250262776897467
0.227341561640718
0.230907793565451
0.233783611623686
0.23661272584746
0.241121452619643
0.24043408933815
0.238800299790543
0.225512998647167
0.225609779708122
0.224025107468788
0.225573924638264
0.245090834075874
0.247331820615873
0.241817798069494
0.234792297781259
0.239350875833023
0.225408339079768
0.233283625157793
0.242693689336513
0.217688809230441
0.233204191540372
0.236975354237472
0.239839339881721
0.231907226618313
0.240944320802411
0.226006120600271
0.231723377660512
0.230607083640076
0.245843773213413
0.23178448357662
0.221648466142758
0.238838746109067
0.241857351020054
0.227628530919061
0.226932247377364
0.223408456511763
0.233720546225306
0.240243466272854
0.259578769254308
0.225312820952914
0.229699132831418
0.219469431778573
0.244519313021725
0.225423772918771
0.239162385342969
0.224289169316338
0.231401447979084
0.236942739205877
0.243146057508001
0.235357125957126
0.230735227982966
0.226947582631666
0.240511701515425
0.235561853611358
0.236390247130841
0.216660921554974
0.223568838595525
0.224600066605237
0.238749808496347
0.248004919096117
0.242029155016867
0.24607043534781
0.243620305880626
0.232691801850636
0.246139017080307
0.226388798644058
0.227363735083843
0.223293133659585
0.238205480323919
0.242798051777088
0.241702412918331
0.223871868293672
0.23935388519973
0.237008058792087
0.231627105581332
0.241092406662699
0.228335959710539
0.245247784212506
0.240155837434077
0.241864850364515
0.233244541147271
0.238815401505858
0.224912434459909
0.242157356306244
0.231500684212267
0.23314850620044
0.232761739452931
0.235796009719086
0.245117909699362
0.239447268640001
0.23415416556178
0.228039437487873
0.226765394039595
0.24295278811923
0.257722781134617
0.228987995176637
0.2380757233499
0.226014832874822
0.23863151016846
0.237440190466289
0.235515810639838
0.246831377325027
0.2330956689988
0.227061619621293
0.236761117178838
0.238907447990356
0.246032008016619
0.241996238682133
0.232829603604758
0.225155480760404
0.246047001136437
0.223333094276614
0.233052484812469
0.232275473923222
0.232672193897293
0.244448412790601
0.226952527079485
0.244411731808459
0.236371080254488
0.223154239031049
0.240622305168665
0.235130575956681
0.222753023521604
0.217312733130721
0.23266820499348
0.234004196072398
0.249107211470313
0.239507646579514
0.241264084064877
0.238378321099919
0.222898689434726
0.247609760089458
0.236244200434522
0.23041576973752
0.238202930191043
0.239003113777043
0.258000678809315
0.231085310146897
0.231812832782668
0.228668217347809
0.241338664815372
0.237674174008308
0.231528544039222
0.232949885298983
0.240108850034524
0.226546595343348
0.233172395720842
0.225992330911422
0.234142464271783
0.236562801984977
0.232234417375155
0.242148378917038
0.219295295334541
0.246175315432901
0.236665241821273
0.23844391928485
0.232347067978566
0.234310205760288
0.267076033089749
0.239161982322562
0.250176606500271
0.240247247952769
0.230477232031197
0.238744534728664
0.233946132299239
0.234207068505094
0.225075108089224
0.240474754454433
0.225661163445462
0.23754714573502
0.235558004311008
0.242249543866524
0.233919844369469
0.223566277655144
0.242660508041006
0.231863159213565
0.236694454028737
0.248900662068945
0.233975525592115
0.236731949955655
0.235066331624816
0.240273309046941
0.239916051820097
0.24019503479959
0.252539135468724
0.241299153910837
0.230536919428722
0.245520654401353
0.243330545245478
0.251974600391308
0.239381383570921
0.235612225079339
0.236336608897023
0.234719842514876
0.221498903075073
0.263397899319111
0.236083482015733
0.232866641154538
0.240043991599299
0.24678134232997
0.232825640575009
0.251040592949718
0.231911303296461
0.227212335148422
0.240555461245045
0.242191909616752
0.229034476151209
0.237007040284496
0.241852242377045
0.241851215182145
0.242150335925389
0.241729753667332
0.233186020240473
0.227138665397188
0.228820345042834
0.239786251067742
0.248311258709256
0.23858375050814
0.236965546225261
0.232528309582594
0.234715902701886
0.235264413607704
0.228108714525313
0.210909560726071
0.239142787707304
0.228817169266448
0.220489851951925
0.252534794161505
0.240578317326769
0.241116974033226
0.240825313297618
0.235537576364383
0.254590499918758
0.239492684444576
0.234817335233045
0.231647191123431
0.228958067336562
0.224992686051458
0.235977711358381
0.246274740090876
0.251160101406118
0.246190780808962
0.229243682870241
0.228818306665075
0.241560057418382
0.233671682515391
0.232278005014799
0.231353642492172
0.236441581112622
0.245269521438732
0.241848483661496
0.233336366236848
0.237730452637841
0.222324904759783
0.235319486120273
0.249864182913847
0.232346014829784
0.233481345530494
0.237619961621474
0.256154100555899
0.238792574857077
0.238002052884937
0.237295245156316
0.237675196014628
0.236342685192989
0.250392797496106
0.25325854565079
0.229841526436256
0.225179226044615
0.226815728907192
0.237348412354975
0.232916777945908
0.246391682097873
0.240781505779359
0.247107040942623
0.242455206464736
0.261315388929892
0.228590529751958
0.241902491781328
0.23614361609846
0.239964958482097
0.24064133315496
0.243764649126422
0.242393898293785
0.243696584210386
0.236983451787593
0.240809453172314
0.230192750891303
0.235521630162278
0.242408738381871
0.246004488086421
0.237607193745781
0.256683822976135
0.250196849715659
0.24962891250586
0.252834837166998
0.248877691763414
0.24623113814724
0.233817805678294
0.248568251202138
0.238363381747418
0.238525972540473
0.243190849892185
0.224734075105706
0.254725882387593
0.248993967947179
0.243376169079
0.242857920650117
0.234267456070945
0.241944227367198
0.21612058500326
0.232238512666687
0.238112146374189
0.230738408396976
0.244850456652867
0.239453306122357
0.237243986890066
0.233846308036909
0.243260681854602
0.235502246400953
0.23861820956621
0.238407739096235
0.245415738935575
0.227578538443836
0.220267001586787
0.246363079443006
0.243407318742191
0.233358881258762
0.220919222843084
0.239418167140224
0.252149932498981
0.226636212733896
0.2289120436551
0.238617856505576
0.239984629826877
0.237865090519952
0.255317311982263
0.247609801910627
0.245396876525409
0.226100885972427
0.243685882352574
0.223825493015982
0.24833679708487
0.236529683943285
0.237002483396876
0.239602203778177
0.226111794053964
0.239807261782465
0.256688342012897
0.235226494008337
0.243123823180054
0.237702827758222
0.239179897319323
0.221709586616147
0.237492589949306
0.237932516430438
0.243300559771206
0.24144606945277
0.245690196997103
0.24559967482004
0.237802055045892
0.227297814302353
0.242403274769658
0.234387929453862
0.231328201059912
0.239560485470808
0.234008370222407
0.224913334144087
0.237215418767551
0.229355738040359
0.231176073540032
0.233811437695795
0.247010843086209
0.234770631716071
0.267515368435631
0.216562431427184
0.242722858997821
0.243058803653676
0.2415419762588
0.233269521169917
0.227324883022368
0.258703267490321
0.234778550272901
0.227857326086285
0.239733829094584
0.230330421180229
0.251592006912519
0.236269019547129
0.233953809487618
0.22007537476326
0.237588077607048
0.236149995996738
0.233686095416159
0.238975203216239
0.239236650881046
0.238664414383426
0.246275548257289
0.23456231252169
0.234932780045692
0.241450102209589
0.229397622252723
0.216219099759287
0.240089366232737
0.244827540321942
0.231537833629146
0.232504049147369
0.236835039784902
0.23388215991954
0.237442233874
0.239202415101241
0.230535637135378
0.236334845332234
0.247441404908094
0.226313918936708
0.251136183459932
0.226630143177412
0.240646356528581
0.222268983195768
0.237319278678605
0.238155081212284
0.220086904303211
0.229656592025803
0.235763366418266
0.237821862949619
0.239135612742955
0.212105229706184
0.239005635540739
0.24456453284897
0.227098317131591
0.233289941554021
0.229061449028931
0.23261237608014
0.231480859863289
0.235814218384161
0.232152443740741
0.242281115027274
0.227292211331513
0.231891626138793
0.236219081673549
0.242727453036591
0.220120643633114
0.230477580675239
0.229227123345324
0.233548926886069
0.220792463496853
0.242460369821051
0.246093602625064
0.216701311039757
0.236919282438791
0.251342411593758
0.233030449451359
0.233308318925058
0.229568754830564
0.238996075697902
0.221714871884762
0.241484452258179
0.221208016327041
0.242187191380563
0.230993544385705
0.244945895949116
0.233857664922593
0.230273927274599
0.240397280886949
0.215841293259737
0.241901745288825
0.251737004681572
0.245297931697912
0.253589296392845
0.243532946884084
0.236642664674493
0.244596412077456
0.243853002189192
0.238840005921239
0.229980233753694
0.236807898058681
0.240086511868535
0.23998991052301
0.211955462499592
0.219644772411577
0.234369688308972
0.244669088450988
0.220425778965695
0.228782813287552
0.233043533000588
0.248873218490193
0.226938486481569
0.225643193032231
0.230446952962835
0.244170191190599
0.236434149876476
0.212163641080939
0.234059122534439
0.249363188384853
0.223997382866093
0.216869870477866
0.23463163470476
0.234947167726038
0.225699089002443
0.255346758870279
0.244882128212882
0.25370322607097
0.225099307004206
0.230696251509071
0.24744783458071
0.255140969038859
0.241541043633268
0.250143986128957
0.224325306756588
0.233753613482303
0.232995597705011
0.24926260615847
0.225655636803683
0.225830447278689
0.229618907158232
0.237881257719048
0.242529679093738
0.249463025647328
0.240925466888792
0.235959666887396
0.221010028723301
0.238098028879183
0.252545650708194
0.243675824868158
0.241133251686536
0.248431293968114
0.259500162559543
0.232983854810518
0.232894165163515
0.22865490149533
0.253042823650361
0.253420095608869
0.25042333136689
0.224222463045423
0.235380481372521
0.231815743525753
0.244402647107722
0.231657724203404
0.246949879013161
0.224801807699834
0.246035393832209
0.239729142486846
0.229094495987928
0.260612851905693
0.236438483901579
0.225750575273124
0.244592937286821
0.214641835575273
0.232604580773604
0.249376441079323
0.242685900941659
0.226145633703326
0.2352494500026
0.238070678399496
0.233232991204412
0.227818857887566
0.222479815137164
0.231945815789207
0.240243561711137
0.237335682450878
0.259312913568674
0.244241533625646
0.274092156258829
0.236931441032004
0.234891978581923
0.224835726312021
0.22530772833698
0.234790553228614
0.246589941688244
0.24775554214249
0.249585557682768
0.241398673746064
0.212229263186064
0.226827921346296
0.255992058385831
0.228246914301763
0.241589313829264
0.236294295175411
0.217841539908163
0.233042209213868
0.237650242078218
0.23581249254227
0.232865026412073
0.232476329398164
0.245831301917442
0.232232988207872
0.251026556342794
0.231698448620916
0.254841774071623
0.235123083065554
0.264800654771035
0.259678484475622
0.245326335039697
0.260760948593506
0.242221042425162
0.246276385851798
0.245289119496442
0.251003018217214
0.219982656941653
0.229777202464456
0.229301603284251
0.227788723986363
0.248523982900012
0.23406944853129
0.247348799938898
0.237730621538926
0.235124375708374
0.227100786792828
0.245424778080923
0.25590762719892
0.231367107879163
0.23512211909468
0.23012114774728
0.246740404854931
0.224581639214005
0.237136560513812
0.240077315482059
0.242137579129082
0.230200008732009
0.245993110947591
0.214295749963886
0.252785179048028
0.240601275240893
0.248653262433603
0.244071410215303
0.259745495825906
0.227043816719259
0.231995388142581
0.234864863773375
0.242695016838353
0.248194858256422
0.244043221517873
0.246040681204039
0.223569194711294
0.224720152635537
0.22449621202992
0.227891172884703
0.254232474387239
0.258680287578681
0.248537249881696
0.241857661937556
0.245279874190016
0.223488957925043
0.238732267451358
0.252355606363238
0.213439192885615
0.240572974195308
0.244216398395974
0.251310786395636
0.234193911895506
0.250679557828725
0.228125203416413
0.235205098552343
0.235332338641841
0.254229980390131
0.237129216632977
0.217837188606076
0.245827906313733
0.251531616812164
0.227805247040523
0.229149020056097
0.224454574429462
0.239258797490008
0.243937668833809
0.271274355022307
0.224335026088157
0.232893125462618
0.220554893179394
0.254146135844318
0.228950979021462
0.247948429197097
0.228166732297397
0.238600988368516
0.243821710869654
0.257097861365016
0.242760729255003
0.232140872855841
0.228032529891809
0.250829049538989
0.239910176945431
0.243211048543937
0.213201341122211
0.223294080178176
0.225778991704381
0.244799249156075
0.260428612552051
0.254043429555907
0.254190046682703
0.253707428732907
0.238828273340675
0.255772024501382
0.228143008398127
0.227519227060722
0.220262818787066
0.244310003690583
0.251871630100749
0.252880846209224
0.225754670098534
0.249782672227436
0.241766350880249
0.235506432110522
0.251376129902486
0.233635443144745
0.258605785263018
0.248553146514972
0.248519572422372
0.241500745914322
0.24641584433653
0.230418387748843
0.251016411438075
0.236023006615479
0.237580815055414
0.238271204885085
0.240901931746292
0.256035920628188
0.248795499205655
0.236982863877542
0.229720928237691
0.226823673506567
0.251552483020174
0.272897738190681
0.234454157887693
0.245307239046596
0.230214164004274
0.243752274326487
0.242907536074687
0.243091223302695
0.257270578178444
0.239030122768652
0.229478306522713
0.242807513872461
0.243163505290247
0.257723455179282
0.252566855961038
0.237454181179886
0.224670626418815
0.260108221925009
0.224732235729954
0.23613540525542
0.233740001616682
0.237124996983153
0.254532366164951
0.2289265347882
0.257723251461727
0.242807802845605
0.227089147847552
0.249850113405512
0.240457542800583
0.226351118738858
0.212828399354014
0.238391635243667
0.239027178620668
0.269455081170726
0.247238919969448
0.247212452191768
0.244443434070079
0.223584730098581
0.257011893329187
0.241027736993871
0.238211257697957
0.246860622094492
0.249427362818199
0.277175634184593
0.231629980530244
0.238277776231133
0.234362834603578
0.250723017251307
0.248552832509341
0.235773268276179
0.238817894153967
0.251178586288789
0.231442279826388
0.237488093858866
0.229638461437368
0.240311052967325
0.245820778446175
0.239403982474041
0.252206404987477
0.220156512620122
0.266366712727172
0.246422613099531
0.247420466805863
0.238810188053324
0.241157090535625
0.285429966640743
0.244464742638411
0.266862526137664
0.245899837825157
0.236127635879954
0.24602129140984
0.240567468336009
0.237814214602507
0.231422533062649
0.245765400029273
0.22697506397394
0.245314080412608
0.243143927052958
0.252685384020798
0.236906515686915
0.225215675308341
0.251097194233862
0.238723515154889
0.24742979809018
0.26453017361017
0.243682375470078
0.243069960503587
0.240607820829045
0.249337400012191
0.249553032110795
0.251050546958486
0.272710899499807
0.262477841383207
0.240883735297653
0.265280075726603
0.26303312878727
0.26999042434234
0.255240037283174
0.24501792513389
0.243486804319269
0.245612267513333
0.221971757086905
0.282323321261021
0.245943804450626
0.240091792642228
0.253063860918872
0.258264995071133
0.239336491638262
0.263729918174184
0.235307225683454
0.23197406772496
0.257245835648568
0.256461540697977
0.234184246429762
0.247383626578545
0.253377401271052
0.253658959615038
0.250311031008302
0.253763039148122
0.242296473164499
0.229911723065805
0.231894545770156
0.24698619171482
0.257845924892432
0.245989922088028
0.243274455387759
0.235527942721534
0.241759425248401
0.241087713990982
0.229272544741976
0.205257012206891
0.253555951310232
0.228926557214576
0.22209746571252
0.269332442413182
0.253227046477791
0.253167191967822
0.250446263683396
0.243415423468336
0.273377829706514
0.244706065470906
0.240586991760739
0.239228371492526
0.235585147056913
0.228331178809695
0.243189503688569
0.260348944689541
0.270110049156166
0.264339205826981
0.231661477298223
0.232250545948534
0.254520572993196
0.239994891967078
0.239235533462685
0.239428195857127
0.242837792086592
0.256209917557604
0.249892290698981
0.242150169252008
0.249018626491904
0.222399573139708
0.239720641683241
0.262327525928128
0.238347841742159
0.235487200045908
0.246419802742641
0.271832850060786
0.246514344838983
0.243079787674725
0.251292467576224
0.250869834659329
0.243788286387175
0.272127222587856
0.276000106576541
0.236950217139034
0.224240809261375
0.228185727536043
0.24315024531163
0.23622722764404
0.259513236052037
0.250476968856745
0.263700148297949
0.250680401814476
0.278218129569349
0.236971655798005
0.251232825720747
0.244400340843899
0.249137919637256
0.24883840616192
0.253589036149807
0.253270590735955
0.250977229855624
0.243460361560992
0.252121011818028
0.237846077741375
0.248077771340741
0.256752413003522
0.258620261335245
0.25673633198498
0.280308594960186
0.273520078751881
0.269430836752058
0.276095540886153
0.268052765280042
0.266479990295252
0.247940340768094
0.263115997893622
0.247130418921338
0.250967460376285
0.258768439523078
0.22607232582572
0.275228341853077
0.261999312676354
0.261630803276082
0.260916763612161
0.249662612676643
0.254889620208667
0.222520859485236
0.239111395526087
0.248008982599067
0.235047922437827
0.258804159463062
0.249961230332419
0.246464501474062
0.246165598073841
0.257998834627715
0.241897754302603
0.247729401220472
0.248593235199436
0.260196480360754
0.232087752291255
0.219107055071283
0.25736940454526
0.257882525314335
0.237663340685784
0.227838261792407
0.248103133727721
0.26470908570485
0.22831080264097
0.230673310595782
0.250072148990025
0.255204772761808
0.257017348759415
0.280333206823334
0.264129179086987
0.266293951132251
0.230545702133865
0.254608884635825
0.225724679356655
0.264203213201843
0.245456238093574
0.246076334851675
0.250624666466718
0.23154594333609
0.250348932290301
0.276736205176972
0.244471387138395
0.250887138884486
0.252501990828204
0.24877044667328
0.222302937854551
0.250779401125856
0.247291672684567
0.255792939508251
0.258197557375748
0.268775146541981
0.260496291376864
0.247813674773839
0.231876617130825
0.251718276331207
0.243663581308369
0.238872483650726
0.24889212602991
0.238703322438229
0.229846533185236
0.244995689511966
0.232296011838482
0.232288286882732
0.244727926310601
0.265113714161761
0.241735506658302
0.297298737597673
0.217596076987497
0.253172275166555
0.263634178680234
0.255737265718674
0.244932802818442
0.227657212172607
0.282791946133679
0.247733599680103
0.23192682014324
0.24746951172837
0.235471174769639
0.266179498020355
0.239359206792218
0.243563119594197
0.217767202422026
0.249022400675975
0.247102035195131
0.241865065826302
0.248043495332609
0.25397268804108
0.243634594766389
0.259001495855943
0.238821929836027
0.245892505084235
0.25238327175729
0.236792052222666
0.216827736248935
0.25263993945763
0.256079343293792
0.240369423519958
0.241578815337032
0.245257700118525
0.242135710418145
0.246216779897214
0.247254362652571
0.235297715524315
0.241368897111661
0.26418005816317
0.229867648512297
0.267568321008593
0.231496301242403
0.250230956864592
0.219628597169532
0.244636952071411
0.250602037850615
0.221732144762828
0.231660118041376
0.242093871788533
0.242975868482671
0.246537214509529
0.20715126173885
0.250297919807199
0.252734357605751
0.229712989206209
0.243643771052186
